PORT=udp://127.0.0.1:14560@14565
SYS_ID=1
COMP_ID=1
AGENT_IDX=1
AGENT_ALT=403
HOME_LAT=40.84861
HOME_LON=-96.47194
HOME_ALT=390
