PORT=udp://127.0.0.1:14650@14655
SYS_ID=10
CLS_ID=3
COMP_ID=1
AGENT_IDX=10
AGENT_ALT=430
HOME_LAT=40.84861
HOME_LON=-96.47194
HOME_ALT=390
