PORT=udp://127.0.0.1:14670@14675
SYS_ID=12
CLS_ID=3
COMP_ID=1
AGENT_IDX=12
AGENT_ALT=436
HOME_LAT=40.84861
HOME_LON=-96.47194
HOME_ALT=390
