PORT=udp://127.0.0.1:14560@14565
SYS_ID=1
COMP_ID=1
AGENT_IDX=1
AGENT_ALT=403
HOME_LAT=40.846740
HOME_LON=-96.471819
HOME_ALT=390
