PORT=udp://127.0.0.1:14660@14665
SYS_ID=11
CLS_ID=3
COMP_ID=1
AGENT_IDX=11
AGENT_ALT=433
HOME_LAT=40.84861
HOME_LON=-96.47194
HOME_ALT=390
