PORT=udp://127.0.0.1
BAUD=14560@14565
SYS_ID=1
CLS_ID=1
COMP_ID=1
AGENT_IDX=1
AGENT_ALT=403
HOME_LAT=40.851932
HOME_LON=-96.608755
HOME_ALT=390
THRUST_SCALAR=0.001
