PORT=udp://127.0.0.1:14570@14575
SYS_ID=2
COMP_ID=1
AGENT_IDX=2
AGENT_ALT=406
HOME_LAT=40.84861
HOME_LON=-96.47194
HOME_ALT=390
