PORT=udp://127.0.0.1
BAUD=14580@14585
SYS_ID=3
CLS_ID=1
COMP_ID=1
AGENT_IDX=3
AGENT_ALT=409
HOME_LAT=40.851932
HOME_LON=-96.608755
HOME_ALT=390
THRUST_SCALAR=1.0
