PORT=udp://127.0.0.1
BAUD=14590@14595
SYS_ID=4
CLS_ID=1
COMP_ID=1
AGENT_IDX=4
AGENT_ALT=412
HOME_LAT=40.851932
HOME_LON=-96.608755
HOME_ALT=390
THRUST_SCALAR=1.0
