PORT=udp://127.0.0.1:14600@14605
SYS_ID=5
CLS_ID=2
COMP_ID=1
AGENT_IDX=5
AGENT_ALT=415
HOME_LAT=40.84861
HOME_LON=-96.47194
HOME_ALT=390
