PORT=udp://127.0.0.1
BAUD=14600@14605
SYS_ID=5
CLS_ID=2
COMP_ID=1
AGENT_IDX=5
AGENT_ALT=415
HOME_LAT=40.846735
HOME_LON=-96.471819
HOME_ALT=390
THRUST_SCALAR=1.0
