PORT=udp://127.0.0.1
BAUD=14610@14615
SYS_ID=6
CLS_ID=2
COMP_ID=1
AGENT_IDX=6
AGENT_ALT=418
HOME_LAT=40.84861
HOME_LON=-96.47194
HOME_ALT=390
