PORT=udp://127.0.0.1
BAUD=14620@14625
SYS_ID=7
CLS_ID=2
COMP_ID=1
AGENT_IDX=7
AGENT_ALT=421
HOME_LAT=40.84861
HOME_LON=-96.47194
HOME_ALT=390
