PORT=udp://127.0.0.1:14630@14635
SYS_ID=8
CLS_ID=2
COMP_ID=1
AGENT_IDX=8
AGENT_ALT=424
HOME_LAT=40.84861
HOME_LON=-96.47194
HOME_ALT=390
