PORT=udp://127.0.0.1
BAUD=14630@14635
SYS_ID=8
CLS_ID=2
COMP_ID=1
AGENT_IDX=8
AGENT_ALT=424
HOME_LAT=40.851932
HOME_LON=-96.608755
HOME_ALT=390
THRUST_SCALAR=1.0
