PORT=udp://127.0.0.1
BAUD=14640@14645
SYS_ID=9
CLS_ID=3
COMP_ID=1
AGENT_IDX=9
AGENT_ALT=427
HOME_LAT=40.84861
HOME_LON=-96.47194
HOME_ALT=390
