LAT=40.851932
LON=-96.6087556
ALT=390
DIR=0
MODEL=+
VEHICLE=ArduCopter
