LAT=40.846735
LON=-96.4718192
ALT=390
DIR=0
MODEL=+
VEHICLE=ArduCopter
