LAT=40.846735
LON=-96.4718196
ALT=390
DIR=0
MODEL=+
VEHICLE=ArduCopter
